6   7   5 > 4 > 3   8   9   2 > 1
                            ^       
5   8 > 7   1 < 2   9 > 6   3 < 4
                                ^   
9   3   2   6   8   1   7   4   5
            ^       ^           ^   
3 < 9   8 > 7   4   2   5   1   6
v                               ^   
2   5 < 6   3   9 > 4 > 1   7   8
v   v   ^   v                       
1   4   9   2   6   3   8   5   7
                                    
7   1   4   9   5   6   2   8 > 3
                                    
4 < 6   1   8   7   5   3   9   2
                                ^   
8 > 2   3 < 5   1   7   4   6   9
