3   4 > 2 < 8   5   7 < 9   6   1
                    ^               
4   9 > 1   2 < 3   8 > 6   7   5
                                    
2   6   3   4   7 > 1   5   8 < 9
        ^           ^       v       
1   5   7   9   8   4 > 2   3 < 6
                                v   
8   2   5   1   4   6   7   9   3
    ^       ^   ^                   
5   3   9   7   6   2   4   1   8
                            ^       
9   8   4 < 6   1 < 5   3 > 2   7
v                                   
7 > 1   6 > 5   9   3   8 > 4   2
        ^   v           v           
6 < 7   8   3   2   9   1   5   4
