5   1   8 < 9   2   6   7   3   4
        v           v               
9   5   6   2   7   4   8   1   3
                        v           
7 < 8   3   6 > 4 > 2   5   9   1
                    v               
2   6   9   8   3   1   4   5 < 7
^       v       ^           v   ^   
6   3 < 4   7   5   9   1 < 2   8
v   v                               
4   2   5   3 > 1   7   9   8   6
v                                   
1   7   2 < 5   6   8   3   4   9
                            ^       
8   4   7   1   9   3   2   6   5
                                v   
3   9   1   4   8   5 < 6   7   2
