3   8   4   6   1   7 < 9   5 > 2
        v       ^   v               
7   2 < 3   8   4 < 6 > 5 > 1   9
                v                   
9   4   5   2 < 3   1   7 > 6   8
                    ^       v       
5   9   8 > 7 > 6   2   4   3 > 1
    v   ^           ^   v           
4   6   9   1   8   5   2   7   3
                                    
2   7   1   5   9   8   3   4 < 6
                        ^           
8 > 1   7   4   2   3   6   9   5
                ^               v   
6 > 5   2   3   7   9   1   8   4
            ^                       
1   3 < 6   9   5   4   8 > 2   7
